0.07106665 -0.3614023 -0.1205141 0.4915737 -0.2967319 -0.01268939 0.05080821 -0.5241418 0.03127178 0.007323866 -0.4568594 0.1813852 -0.4800533 0.3691553 -0.3935488
0.1371849 -0.1008081 -0.4597466 0.2349554 -0.04095928 0.2745789 -0.3113275 0.01291192 -0.09314906 -0.4050585 0.2332699 0.3450359 -0.06523243 -0.05160251 0.2553839
0.2705522 -0.01303348 0.2939004 0.5527382 -0.3427971 -0.08688387 -0.1444182 -0.2541866 0.1199602 0.2228858 0.677263 0.03122537 0.5287556 -0.09811568 -0.03603829
-0.0774099 0.2046137 0.2289907 0.2063052 -0.1019413 -0.1418068 0.04692471 0.001611191 -0.0915743 0.4290556 0.1331898 -0.375977 0.07748465 -0.2141149 -0.7220184
0.1230342 -0.3127454 0.5013867 -0.3033166 -0.2101718 -0.201896 0.1773841 -0.2083324 0.4379377 -0.333818 0.1339936 -0.2503667 0.09942746 -0.2676251 -0.3727475
0.1947187 0.2629031 0.2293915 -0.2386837 0.1642274 0.6406962 0.1257309 0.05946376 -0.3257606 -0.05113766 -0.1468942 0.1942864 0.08468643 0.2480145 -0.7430095
-0.3419821 -0.01917903 -0.03965415 0.4401615 -0.0286758 -0.06210579 -0.5503753 -0.1436699 0.2430831 0.3335682 -0.08852976 0.2383211 -0.3287695 -0.1116369 -0.2661009
-0.1490371 0.2958949 -0.3746019 0.06525141 -0.1298711 0.2169135 0.4714876 -0.3674889 -0.1052249 0.186971 0.6829009 0.08453729 0.02572386 0.125933 0.196021
-0.2389948 -0.2034883 0.1114239 -0.1512494 0.2448626 9.025788e-05 -0.1995383 0.3689181 -0.03587835 -0.4322408 -0.6632581 0.04772754 0.3808937 0.5777276 0.3611282
0.4357379 0.2505845 0.02398669 -0.1307471 -0.1019991 0.1072221 -0.2341263 -0.1423175 -0.1530921
