0.01811635 0.1050855 -0.1597033 -0.3919353 0.149917 -0.4402596 -0.04596917 0.1164521 0.09803199 -0.0621105 -0.26984 -0.168225 0.3226147 0.09700669 -0.4540129
-0.2436985 0.1574851 -0.2431924 0.2400684 0.06745123 -0.1562262 0.1000112 -0.3749269 0.01201301 -0.2962494 0.137665 0.2755187 -0.522747 0.06157597 0.3676171
-0.04064581 0.002611051 -0.1090997 0.2694617 0.1708893 -0.2291188 0.3479232 0.4293674 -0.4986481 0.06290551 -0.07526911 0.195053 0.3053033 -0.2669316 0.04860488
-0.05507414 -0.165207 -0.07510392 -0.2210047 -0.1656158 -0.02384442 -0.3141955 -0.137336 0.03259682 -0.4142496 -0.07541307 0.1945167 -0.2695572 -0.1175516 0.06963074
0.1245319 -0.08814338 0.5359542 -0.03925293 -0.3225486 0.1310766 -0.1544854 -0.2936284 0.106546 -0.05713247 -0.312887 -0.1940716 -0.1829696 0.5025509 0.08270398
-0.2959045 -0.1803168 0.1140115 -0.3502301 0.4133386 -0.1689935 0.006589569 0.09465349 0.1156299 -0.08755507 0.1307239 0.04569238 -0.2604421 -0.2550203 0.2643917
0.2430782 -0.2757597 -0.09179543 -0.07600831 0.09016692 0.01791272 0.07574578 0.1523991 0.1674734 -0.04472551 0.02099815 -0.156235 -0.2569457 0.5971829 -0.1147076
0.1274441 -0.5515242 -0.04611735 -0.024018 0.1541443 0.09458726 0.03458605 -0.4017464 -0.218671 0.2186763 -0.3569068 -0.05932943 0.1300745 -0.261384 0.3284844
0.3589139 0.3765414 -0.0002518746 0.1737355 -0.1223208 0.2620854 -0.1224586 0.1953606 0.1081891 -0.01011343 0.08840276 0.1804243 -0.3745137 -0.346224 0.04880744
-0.009111439 -0.3731696 -0.2671143 -0.322599 0.3961445 0.120672 0.09016883 0.3632937 -0.07606291 0.04134012 0.08585886 0.2681135 0.0162182 -0.1040096 -0.1395959
-0.1032108 -0.4474319 0.1071034 -0.1039093 0.5633333 -0.07895676 0.09306404 0.146049 0.09489384 -0.4147911 -0.1196802 -0.3261912 -0.1014037 -0.007276649 -0.1415314
0.3043865 0.2653859 -0.185345 -0.2882322 -0.09563451 0.4431909 -0.2302698 0.022355 -0.1416058 0.1985642 -0.05376652 0.03777049 -0.08358107 -0.1208587 0.5870637
-0.4256465 -0.004705517 -0.4623498 0.01334359 0.3939696 0.1469245 0.08140461 -0.03549401 -0.1029941 -0.1391333 0.08270754 0.4157903 0.1581325 0.2805735 0.2298093
-0.07326258 0.00960999 -0.2201924 -0.2313347 0.05974482 0.03703792 -0.05040792 0.1839486 -0.2094335 -0.03012377 -0.335362 -0.2767687 -0.167432 0.1450661 0.2034738
-0.4300869 -0.1503172 -0.5451644 0.1981255 -0.1412483 0.1298782 -0.3168433 -0.252937 -0.2643808 -0.1056104 -0.4137706 0.2572109 -0.07552023 -0.1381152 -0.2888679
-0.3153937 0.004686255 -0.4663216 0.2381377 -0.06225635 -0.08716521 0.05998946 -0.1405557 0.02250105 -0.3344447 0.2406182 0.06990339 0.1274056 -0.1363897 -0.1314087
0.5658107 0.2552866 0.1876879 -0.2179156 0.2316013 -0.2536776 -0.1835417 0.2124825 -0.03431712 0.05780018 0.3083518 0.09384297 0.1003214 -0.03563218 -0.1761261
-0.61509 0.01818716 0.2483154 0.03366575 -0.1904277 0.299478 0.2168911 0.3827351 0.03838592 0.05917419 0.01717058 -0.04410338 0.2335175 0.247673 0.2713305
0.04239294 0.5118043 0.1069797 0.003358625 0.2739257 0.05851574 0.02045869 -0.0140303 0.006012914 -0.05121496 0.06483824 -0.23885 0.3057864 -0.13649 0.08164685
0.5646572 -0.2900176 -0.2450858 0.2408329 -0.06593239 0.4267796 -0.2242299 0.2678904 0.3023475 0.2370653 -0.03610176 -0.142847 -0.5817235 -0.1564403 0.1015234
0.1490925 0.03887232 0.01731471 -0.1559951 0.06075258 0.1972238 -0.1116259 0.05818952 0.1457359 0.3368771 0.01936873 0.5569833 -0.008067529 0.04537554 0.1961215
0.2302552 0.02308106 0.07414251 0.2174414 0.09751221 -0.6017533 -0.1238193 0.01110917 -0.06954759
