0.3421913 0.3633645 0.2040994 -0.3686693 -0.2976827 0.365507 0.2114509 0.2855121 0.2688092 0.1851589 -0.3194156 -0.1276333 -0.2765372 0.3315068 0.2759171
-0.1305636 0.1937574 0.2235271 0.4393166 0.0973923 -0.3023817 -0.3158446 0.2571104 0.4161303 0.4827528 -0.2579285 0.1635384 0.1565258 0.422091 0.03883198
-0.01313839 0.09790135 -0.08519792 -0.4094443 -0.5029422 0.1785981 -0.116264 -0.08919196 0.602655 -0.1414969 -0.03031706 -0.05371458 -0.07951589 -0.3666243 0.3757426
-0.4084192 0.1300461 -0.3547841 0.08789299 -0.1582605 -0.03634806 0.4457507 -0.4274104 0.3586759 0.3373781 -0.5233838 0.064706 0.01624367 -0.08969299 0.2358714
0.06783191 0.2740812 0.111244 -0.1070792 0.221963 0.2941191 -0.2887169 -0.4876825 -0.5470739 0.2349172 -0.1403217 -0.2555499 -0.1331745 0.06322347 0.3043919
0.4514965 0.1479869 0.4344091 -0.4782792 0.2824135 0.2484654 0.209539 0.1559632 0.1807705 -0.03407568 -0.137955 -0.1291808 0.286084 -0.1108999 0.3263207
0.1708462 0.3523944 -0.2905534 -0.2951125 0.1413094 -0.6462509 -0.0154128 0.3699681 0.2100025 0.496213 0.2712083 -0.4002463 0.405224 -0.01025498 0.0958071
0.2877135 -0.1376837 -0.252151 -0.04283069 0.100541 -0.5002567 -0.1048951 0.5388922 0.3414567 0.1569014 -0.2091026 0.4744098 -0.07202133 0.0811758 -0.1208992
-0.2084499 0.5683286 -0.2661148 0.1910959 -0.2483602 -0.1021795 -0.3166714 -0.02931413 0.0631338 -0.4861888 -0.3332005 0.03955983 -0.6950672 -0.3006812 0.06373247
-0.113638 0.05454868 0.1202738 0.1075545 0.06787624 0.001758929 0.1439233 -0.5944815 -0.0418958
