2021-05-12 0.6604 28.99 5.024 15.9579675925926 66.557 20.324 37.6087824074074
2021-05-13 0 20.603 1.751 11.3098194444444 83.958 17.879 50.47690625
2021-05-14 0 22.776 2.182 12.7077673611111 89.269 25.054 55.0927534722222
2021-05-15 0.0254 22.465 4.74 12.4770347222222 91.851 32.061 65.8443472222222
2021-05-16 0.2032 20.293 9.41 14.5591527777778 93.631 45.14 72.95303125
2021-05-17 0 23.689 10.247 16.9681805555556 81.155 44.014 64.1670277777778
2021-05-18 0 25.404 10.026 18.2098159722222 97.384 49.015 71.09453125
2021-05-19 0 27.063 14.457 20.6223472222222 87.109 53.573 65.6923993055556
2021-05-20 0 29.04 16.654 22.4442743055556 88.865 44.777 68.71696875
2021-05-21 0 29.715 14.745 22.5577534722222 90.075 43.049 66.0129548611111
2021-05-22 0 29.89 17.13 22.03928125 88.254 53.741 70.8383506944444
2021-05-23 0 27.554 13.137 20.8592083333333 91.892 70.946 82.0223159722222
2021-05-24 0 28.32 12.63 19.8435208333333 94.703 55.777 78.9399861111111
2021-05-25 0 30.646 17.51 23.7496840277778 83.884 48.081 65.6429097222222
2021-05-26 1.1176 22.633 14.026 18.6822951388889 96.972 62.631 81.4020868055556
2021-05-27 0.1524 18.224 6.788 12.108 87.526 42.388 67.1666354166667
2021-05-28 0.508 8.817 4.246 6.28818055555556 94.346 66.101 84.4084618055556
2021-05-29 0 16.225 2.155 9.97848611111111 90.063 38.803 60.7385243055556
2021-05-30 0 20.246 3.564 12.6096666666667 94.828 33.067 58.3279409722222
2021-05-31 0 22.13 8.693 14.5776840277778 90.819 49.689 70.6241875
2021-06-01 0 24.629 8.02 17.2158715277778 92.703 43.083 66.1615520833333
2021-06-02 0 24.315 10.638 17.5847673611111 95.812 52.006 75.9201319444444
2021-06-03 0 27.014 12.001 19.0551701388889 98.694 42.622 72.7570868055556
2021-06-04 0 28.642 16.987 22.4631770833333 74.951 44.515 58.1984166666667
2021-06-05 0 31.306 18.628 24.3259236111111 78.302 44.49 58.2182708333333
2021-06-06 0 32.278 19.365 25.2471354166667 75.328 46.164 62.4806770833333
2021-06-07 0.254 25.623 19.817 22.5365763888889 98.228 74.167 86.2630520833333
2021-06-08 0 30.016 19.103 23.5460520833333 99.642 62.746 86.6116041666667
2021-06-09 0.635 31.714 20.126 24.3149097222222 99.396 58.48 86.2628506944444
2021-06-10 0.4826 29.84 19.746 23.6183055555556 98.587 67.582 87.4596944444444
2021-06-11 0.1016 31.663 18.675 24.6504236111111 97.553 57.265 77.1643819444444
2021-06-12 0.0508 30.091 17.867 22.6220208333333 98.727 54.318 83.70140625
2021-06-13 0 30.066 16.487 22.4564618055556 97.656 41.594 69.076875
2021-06-14 0.0254 27.899 14.601 19.4305416666667 94.829 51.405 73.76359375
2021-06-15 0 26.867 12.147 19.1005555555556 96.895 47.192 71.3714618055556
2021-06-16 0.0254 26.744 10.247 18.1576805555556 91.015 36.205 57.2490173611111
2021-06-17 0 29.89 9.756 20.57853125 96.401 28.106 57.3439479166667
2021-06-18 0.6096 26.28 16.82 21.562625 98.383 48.168 83.1397048611111
2021-06-19 0.0508 23.954 15.414 19.3137534722222 99.445 76.105 92.1176840277778
2021-06-20 0.0254 28.916 16.392 22.0220034722222 99.699 56.604 83.7926180555556
2021-06-21 0.0254 19.674 9.46 16.5484236111111 99.294 78.684 92.0938784722222
2021-06-22 0.0254 22.274 5.821 13.5669270833333 97.786 52.71 75.8219270833333
2021-06-23 0.0254 23.184 10.614 16.68078125 95.175 64.907 81.3187291666667
2021-06-24 0.0254 23.472 14.792 18.6976458333333 98.359 63.688 82.0371805555556
2021-06-25 0.0254 22.944 18.057 20.3744201388889 100 91.771 97.8310069444444
2021-06-26 0.0254 26.134 19.579 21.7748368055556 100 91.967 99.0114409722222
2021-06-27 0.0254 28.171 18.414 22.5898159722222 100 85.233 96.2220069444444
2021-06-28 0.0254 28.122 16.463 21.93128125 100 77.321 94.1047048611111
