-1  -1  -1  -1
-1  -1  -1  -1
-1  -1  -1  -1
-1  -1  -1  -1
-1  -1  -1  -1
-1  -1  -1  -1
-1  -1  -1  -1
-1  -1  -1  -1
-1  -1  -1  -1
-1  -1  -1  -1
-1  -1  -1  -1
-1  -1  -1  -1
-1  -1  -1  -1
-1  -1  -1  -1
50  0	0	0
-1  -1  -1  -1
-1  -1  -1  -1
-1  -1  -1  -1
-1  -1  -1  -1
-1  -1  -1  -1
42	0	0	0
-1  -1  -1  -1
-1  -1  -1  -1
50	0	0	0
-1  -1  -1  -1
-1  -1  -1  -1
48	0	0	0
-1  -1  -1  -1
-1  -1  -1  -1
47	0	3	0
-1  -1  -1  -1
-1  -1  -1  -1
-1  -1  -1  -1
38	4	7	0
-1  -1  -1  -1
-1  -1  -1  -1
26	2	8   0
-1  -1  -1  -1
-1  -1  -1  -1
-1  -1  -1  -1
24	1	20	0
-1  -1  -1  -1
-1  -1  -1  -1
22	0	24	0
-1  -1  -1  -1
-1  -1  -1  -1
-1  -1  -1  -1
-1  -1  -1  -1