-1  -1  -1  -1
-1  -1  -1  -1
-1  -1  -1  -1
-1  -1  -1  -1
-1  -1  -1  -1
-1  -1  -1  -1
-1  -1  -1  -1
-1  -1  -1  -1
-1  -1  -1  -1
-1  -1  -1  -1
-1  -1  -1  -1
-1  -1  -1  -1
-1  -1  -1  -1
-1  -1  -1  -1
42  8	0	0
-1  -1  -1  -1
-1  -1  -1  -1
-1  -1  -1  -1
-1  -1  -1  -1
-1  -1  -1  -1
27	23	0	0
-1  -1  -1  -1
-1  -1  -1  -1
28	22	0	0
-1  -1  -1  -1
-1  -1  -1  -1
38	12	0	0
-1  -1  -1  -1
-1  -1  -1  -1
30	19	0	0
-1  -1  -1  -1
-1  -1  -1  -1
-1  -1  -1  -1
29	19	0	0
-1  -1  -1  -1
-1  -1  -1  -1
31	20	0	0
-1  -1  -1  -1
-1  -1  -1  -1
-1  -1  -1  -1
16	35	0	0
-1  -1  -1  -1
-1  -1  -1  -1
18	29	0	3
-1  -1  -1  -1
-1  -1  -1  -1
-1  -1  -1  -1
-1  -1  -1  -1