-1  -1  -1  -1
-1  -1  -1  -1
-1  -1  -1  -1
-1  -1  -1  -1
-1  -1  -1  -1
-1  -1  -1  -1
-1  -1  -1  -1
-1  -1  -1  -1
-1  -1  -1  -1
-1  -1  -1  -1
-1  -1  -1  -1
-1  -1  -1  -1
-1  -1  -1  -1
-1  -1  -1  -1
50  0	0	0
-1  -1  -1  -1
-1  -1  -1  -1
-1  -1  -1  -1
-1  -1  -1  -1
-1  -1  -1  -1
42	0	0	0
-1  -1  -1  -1
-1  -1  -1  -1
50	0	0	0
-1  -1  -1  -1
-1  -1  -1  -1
48	0	0	0
-1  -1  -1  -1
-1  -1  -1  -1
47	0	0	3
-1  -1  -1  -1
-1  -1  -1  -1
-1  -1  -1  -1
38	4	0	7
-1  -1  -1  -1
-1  -1  -1  -1
26	2	0	20
-1  -1  -1  -1
-1  -1  -1  -1
-1  -1  -1  -1
24	1	0	20
-1  -1  -1  -1
-1  -1  -1  -1
22	0	3	24
-1  -1  -1  -1
-1  -1  -1  -1
-1  -1  -1  -1
-1  -1  -1  -1